0.5994	18.0230
1.6144	18.5770
2.6284	18.7260
3.6424	18.2150
4.6573	17.7120
5.6713	17.0330
6.6863	16.7370
7.7003	16.8980
8.7153	17.1570
9.7293	16.8670
10.7432	16.7480
11.7582	16.6070
12.7722	16.7050
13.7872	16.6460
14.8012	16.5980
15.8162	16.5200
16.8302	16.5470
17.8441	16.5880
18.8591	16.5710
19.8731	16.5430
20.8881	16.5950
21.9021	16.4150
22.9161	16.4440
23.9310	16.5020
24.9450	16.5300
25.9600	16.6490
26.9740	16.6130
27.9890	16.5070
29.0030	16.2810
30.0170	16.2240
31.0319	16.1860
32.0459	16.2160
33.0609	16.3740
34.0749	16.4510
35.0889	16.5790
36.1039	16.6840
37.1178	16.6550
38.1328	16.6910
39.1468	17.3410
40.1618	18.3050
41.1758	15.2710
42.1898	16.2500
43.2048	16.6500
44.2187	16.9850
45.2337	17.2720
46.2477	16.2230
47.2627	12.8270
48.2767	12.9740
49.2907	15.9300
50.3056	16.5310
51.3196	16.4880
52.3346	16.5470
53.3486	16.7930
54.3626	16.8650
55.3776	16.8320
56.3916	16.7470
57.4065	16.8450
58.4205	17.0840
59.4355	17.1690
60.4495	17.2140
61.4635	17.0270
62.4785	17.0510
63.4924	17.0830
64.5074	17.2750
65.5214	17.4220
66.5354	17.4110
67.5504	17.4720
68.5644	17.6380
69.5794	17.9610
70.5933	17.9800
71.6083	17.8730
72.6223	17.7110
73.6363	17.4100
74.6513	17.3640
75.6653	17.3870
76.6802	17.2480
77.6942	17.3630
78.7092	17.5050
79.7232	17.3180
80.7372	17.0140
81.7522	16.9900
82.7662	17.0460
83.7811	17.1330
84.7951	16.9490
85.8091	16.8180
86.8241	16.9120
87.8381	16.8010
88.8531	16.6420
89.8670	16.5270
90.8820	16.4510
91.8960	16.2410
92.9100	16.0600
93.9250	15.8010
94.9390	15.6900
95.9540	15.5320
96.9679	15.3630
97.9829	15.3170
98.9969	15.1790
100.0109	14.9140
101.0259	14.4670
102.0399	14.0820
103.0548	13.8700
104.0688	13.4380
105.0828	12.9320
106.0978	12.5860
107.1118	12.0660
108.1268	11.5860
109.1407	11.2120
110.1557	10.7730
111.1697	10.3440
112.1837	9.9760
113.1987	9.5280
114.2127	9.1810
115.2277	8.9600
116.2416	8.8160
117.2556	8.6030
118.2706	8.5980
119.2846	8.8540
120.2996	8.8350
121.3136	8.8240
122.3285	8.8610
123.3425	8.6930
124.3565	8.7870
125.3715	8.8300
126.3855	8.9580
127.4005	9.0130
128.4145	9.0590
129.4294	9.1190
130.4434	9.2230
131.4574	9.4070
132.4724	9.3580
133.4864	9.4510
134.5014	9.6200
135.5153	9.7760
136.5293	9.9650
137.5443	10.2890
138.5583	10.4070
139.5733	10.5440
140.5873	10.6980
141.6023	10.9070
142.6162	11.2070
143.6302	11.3940
144.6452	11.4930
145.6592	11.7470
146.6742	11.8260
147.6882	11.9020
148.7021	12.2880
149.7171	12.7490
150.7311	12.9680
151.7461	13.0670
152.7601	13.3040
153.7751	13.6810
154.7891	13.9220
155.8030	14.2580
156.8180	14.7050
157.8320	15.0900
158.8470	15.3210
159.8610	15.5800
160.8760	15.7860
161.8899	15.9860
162.9039	16.2300
163.9189	16.3110
164.9329	16.5660
165.9479	16.8860
166.9619	17.0000
167.9759	17.1800
168.9908	17.1240
170.0048	17.1800
171.0198	17.3650
172.0338	17.6540
173.0488	17.8600
174.0628	18.0160
175.0767	18.2510
176.0917	18.2530
177.1057	18.1180
178.1207	18.1050
179.1347	18.4540
180.1487	18.8120
181.1637	18.9560
182.1776	18.8970
183.1926	19.1470
184.2066	19.1110
185.2216	19.2710
186.2356	19.4830
187.2496	19.5600
188.2645	19.7110
189.2785	19.8490
190.2935	20.1190
191.3075	20.2420
192.3225	20.5680
193.3365	20.8720
194.3505	21.3990
195.3654	21.7180
196.3794	21.7410
197.3944	21.8500
198.4084	22.1660
199.4224	22.5470
200.4374	22.9530
201.4513	23.3820
202.4663	23.6220
203.4803	23.7420
204.4953	23.8540
205.5093	23.8110
206.5233	23.9510
207.5383	23.9870
208.5522	23.8880
209.5672	24.0180
210.5812	24.0840
211.5952	24.1740
212.6102	24.3700
213.6242	24.1960
214.6391	24.2310
215.6531	24.3370
216.6681	24.4560
217.6821	24.3400
218.6961	24.5940
219.7111	24.6330
220.7251	24.4360
221.7400	24.4300
222.7540	24.6590
223.7690	24.7060
224.7830	24.7800
225.7970	24.8770
226.8120	24.9290
227.8259	24.6770
228.8409	24.8330
229.8549	24.8650
230.8689	24.8870
231.8839	24.8640
232.8979	25.0330
233.9129	25.0790
234.9268	25.0120
235.9418	24.9020
236.9558	24.9860
237.9698	25.3120
238.9848	25.2690
239.9988	25.2640
241.0137	25.3100
242.0277	25.3340
243.0417	25.4010
244.0567	25.4970
245.0707	25.4160
246.0857	25.4040
247.0997	25.5570
248.1146	25.6710
249.1286	25.5790
250.1426	25.5820
251.1576	25.5980
252.1716	25.7090
253.1866	25.6840
254.2005	25.7140
255.2155	25.7500
256.2295	25.7910
257.2435	25.7420
258.2585	25.8550
259.2725	25.8790
260.2875	25.8160
261.3014	25.9100
262.3154	25.8190
263.3304	25.7270
264.3444	25.5560
265.3594	25.6590
266.3734	25.5620
267.3883	25.5800
268.4023	25.5380
269.4163	25.5860
270.4313	25.2920
271.4453	24.9880
272.4603	25.0250
273.4743	25.0640
274.4882	24.8560
275.5032	24.7510
276.5172	24.5780
277.5322	24.2600
278.5462	24.2450
279.5612	24.3040
280.5751	24.0920
281.5891	24.0280
282.6041	23.8460
283.6181	23.6690
284.6331	23.5000
285.6471	23.6220
286.6621	23.7140
287.6760	23.5400
288.6900	23.4030
289.7050	23.3820
290.7190	23.5020
291.7340	23.4750
292.7480	23.3490
293.7619	23.3520
294.7769	23.3850
295.7909	23.3980
296.8059	23.3450
297.8199	23.2420
298.8349	23.3820
299.8489	23.4260
300.8628	23.3100
301.8778	23.2760
302.8918	23.3730
303.9068	23.3590
304.9208	23.2770
305.9358	23.2330
306.9497	23.2100
307.9637	23.2400
308.9787	23.2490
309.9927	23.2980
311.0077	23.2300
312.0217	23.2220
313.0357	23.3660
314.0506	23.3580
315.0646	23.3020
316.0796	23.2020
317.0936	23.1440
318.1086	23.0170
319.1226	22.9930
320.1365	23.1700
321.1515	23.0710
322.1655	22.8270
323.1805	22.9340
324.1945	22.8670
325.2085	22.7770
326.2235	22.6980
327.2374	22.7410
328.2524	22.6110
329.2664	22.6060
330.2814	22.5900
331.2954	22.6010
332.3094	22.5670
333.3243	22.4240
334.3383	22.2890
335.3533	22.1780
336.3673	22.2790
337.3823	22.2940
338.3963	22.0590
339.4103	21.8950
340.4252	21.7720
341.4392	21.7740
342.4542	21.6550
343.4682	21.6050
344.4822	21.7030
345.4972	21.7260
346.5111	21.5870
347.5261	21.6050
348.5401	21.4240
349.5551	21.3630
350.5691	21.3230
351.5831	21.2760
352.5980	21.2360
353.6120	21.1470
354.6270	21.0600
355.6410	20.9220
356.6550	20.8970
357.6700	20.8610
358.6840	20.7910
359.6989	20.7210
360.7129	20.6890
361.7279	20.5590
362.7419	20.4790
363.7559	20.2830
364.7709	20.2620
365.7848	20.3540
366.7998	20.3130
367.8138	20.1430
368.8288	20.0580
369.8428	20.1030
370.8568	19.9200
371.8718	19.8310
372.8857	19.7900
373.9007	19.7720
374.9147	19.6300
375.9287	19.5120
376.9437	19.5390
377.9577	19.4700
378.9726	19.4520
379.9866	19.4260
381.0016	19.4600
382.0156	19.4120
383.0296	19.3790
384.0446	19.3070
385.0586	19.2260
386.0735	19.2070
387.0875	19.3140
388.1015	19.2180
389.1165	19.0830
390.1305	18.9700
391.1455	18.9200
392.1594	19.0140
393.1744	18.9420
394.1884	18.8880
395.2024	18.8540
396.2174	18.8820
397.2314	18.8800
398.2464	18.7710
399.2603	18.6810
400.2753	18.8390
401.2893	18.7900
402.3033	18.6230
403.3183	18.7510
404.3323	18.7680
405.3472	18.7360
406.3612	18.5660
407.3752	18.5610
408.3902	18.5380
409.4042	18.5420
410.4192	18.5190
411.4332	18.5310
412.4481	18.5830
413.4621	18.5470
414.4761	18.5180
415.4911	18.5710
416.5051	18.5390
417.5201	18.4740
418.5340	18.6360
419.5480	18.4550
420.5630	18.2090
421.5770	18.3320
422.5920	18.3880
423.6060	18.3520
424.6210	18.2740
425.6349	18.2250
426.6489	18.3680
427.6639	18.2360
428.6779	18.1460
429.6929	18.1900
430.7069	18.0810
431.7218	18.1630
432.7358	18.2180
433.7498	18.2020
434.7648	18.2240
435.7788	18.1890
436.7938	18.2270
437.8078	18.3640
438.8217	18.2530
439.8367	18.1900
440.8507	18.2830
441.8657	18.1940
442.8797	18.2900
443.8947	18.1490
444.9086	18.0940
445.9226	18.0860
446.9376	18.0930
447.9516	18.0160
448.9666	18.1350
449.9806	17.9630
450.9946	17.9320
452.0095	17.8930
453.0235	17.9040
454.0385	17.8450
455.0525	17.8850
456.0675	17.9830
457.0815	17.7630
458.0954	17.5950
459.1104	17.6230
460.1244	17.7320
461.1394	17.7530
462.1534	17.6540
463.1684	17.6810
464.1824	17.5530
465.1963	17.5360
466.2113	17.5360
467.2253	17.5830
468.2403	17.4790
469.2543	17.5720
470.2683	17.6050
471.2832	17.3650
472.2972	17.4750
473.3122	17.4370
474.3262	17.4460
475.3412	17.4000
476.3552	17.3690
477.3692	17.2030
478.3841	17.2170
479.3981	17.3140
480.4131	17.2690
481.4271	17.2640
482.4411	17.3260
483.4561	17.2140
484.4700	17.1890
485.4850	17.1650
486.4990	17.1080
487.5140	17.1630
488.5280	17.0840
489.5420	17.2340
490.5570	17.2770
491.5709	17.3760
492.5859	17.2150
493.5999	17.0960
494.6149	16.9980
495.6289	17.0570
496.6429	17.0670
497.6578	17.1540
498.6718	17.1530
499.6868	17.1490
500.7008	17.2150
501.7148	17.0530
502.7298	17.1000
503.7438	17.1150
504.7587	17.0530
505.7727	17.0610
506.7877	17.1860
507.8017	17.1130
508.8157	16.9200
509.8307	16.9680
510.8446	17.0570
511.8596	17.0190
512.8736	16.7110
513.8886	17.0850
514.9026	17.1420
515.9166	16.9860
516.9316	16.1570
517.9455	14.4860
518.9605	14.5500
519.9745	16.3080
520.9885	17.0000
522.0035	17.0000
523.0175	16.9930
524.0324	16.9380
525.0464	16.9100
526.0614	17.0490
527.0754	17.0360
528.0894	17.0650
529.1044	16.9370
530.1184	16.8540
531.1333	16.9490
532.1473	17.0660
533.1613	17.0490
534.1763	16.9810
535.1903	16.9140
536.2053	16.9540
537.2192	16.8480
538.2342	17.0110
539.2482	17.0260
540.2622	16.9670
541.2772	16.8680
542.2912	16.9820
543.3062	16.9720
544.3201	16.8860
545.3351	17.0400
546.3491	16.9110
547.3631	16.8470
548.3781	16.8250
549.3921	16.9450
550.4070	16.9700
551.4210	17.0430
552.4350	17.0890
553.4500	17.0180
554.4640	16.9300
555.4790	16.7380
556.4929	16.7900
557.5079	16.8890
558.5219	16.8680
559.5359	16.8370
560.5509	16.8850
561.5649	16.8570
562.5799	16.8740
563.5938	16.9180
564.6078	16.8420
565.6228	16.8530
566.6368	16.8420
567.6518	16.8290
568.6658	16.9060
569.6807	16.8580
570.6947	16.8730
571.7087	16.9560
572.7237	16.9400
573.7377	16.8620
574.7527	16.8560
575.7667	16.9570
576.7816	16.7620
577.7956	16.7980
578.8096	16.8920
579.8246	17.0330
580.8386	16.8810
581.8536	16.9090
582.8675	16.8130
583.8815	16.7400
584.8965	16.8370
585.9105	16.8780
586.9255	16.8710
587.9395	16.8500
588.9545	16.8840
589.9684	17.0000
590.9824	17.0050
591.9974	16.9840
593.0114	17.0290
594.0264	16.9690
595.0404	16.9340
596.0543	16.8590
597.0693	16.8960
598.0833	16.9440
599.0983	16.9390
600.1123	16.7860
601.1273	16.7740
602.1413	16.7480
603.1552	16.8120
604.1702	17.0320
605.1842	17.0310
606.1992	17.0050
607.2132	17.0550
608.2282	16.9450
609.2421	16.7680
610.2561	16.8440
611.2711	16.9070
612.2851	16.9500
613.3001	16.8770
614.3141	17.0490
615.3281	17.0310
616.3430	17.1070
617.3570	17.0890
618.3720	16.9980
619.3860	16.9150
620.4010	16.9530
621.4150	16.9680
622.4289	17.0420
623.4439	16.9700
624.4579	16.9310
625.4729	16.9210
626.4869	16.9990
627.5009	17.1610
628.5159	16.9930
629.5298	16.9680
630.5448	17.1080
631.5588	17.1830
632.5738	17.2160
633.5878	17.1000
634.6018	17.1960
635.6167	17.1440
636.6307	17.1360
637.6457	17.1820
638.6597	17.1820
639.6747	17.3390
640.6887	17.4000
641.7027	17.2560
642.7176	17.2400
643.7316	17.2360
644.7466	17.1610
645.7606	17.2670
646.7746	17.2460
647.7896	17.2560
648.8035	17.3440
649.8185	17.2030
650.8325	17.3150
651.8475	17.2960
652.8615	17.3440
653.8755	17.3710
654.8905	17.2550
655.9044	17.3200
656.9194	17.3290
657.9334	17.4380
658.9474	17.5360
659.9624	17.4180
660.9764	17.4740
661.9913	17.4000
663.0053	17.4530
664.0203	17.5190
665.0343	17.5630
666.0483	17.5230
667.0633	17.5260
668.0773	17.5840
669.0922	17.5630
670.1062	17.4740
671.1212	17.6970
672.1352	17.6910
673.1492	17.7300
674.1642	17.7550
675.1781	17.7060
676.1931	17.6660
677.2071	17.7570
678.2211	17.6730
679.2361	17.7450
680.2501	17.8020
681.2651	17.7670
682.2790	17.8040
683.2940	17.9080
684.3080	17.6840
685.3220	17.6720
686.3370	17.8190
687.3510	17.8210
688.3659	17.8620
689.3799	17.9450
690.3939	17.9760
691.4089	17.8660
692.4229	17.8580
693.4379	17.9380
694.4519	18.0090
695.4668	18.0220
696.4808	18.0750
697.4948	18.1830
698.5098	18.0930
699.5238	17.9840
700.5388	18.0100
701.5527	17.9880
702.5677	18.0730
703.5817	18.0970
704.5957	18.1990
705.6107	18.2190
706.6247	18.1050
707.6397	18.1320
708.6536	18.0180
709.6676	18.1380
710.6826	18.1270
711.6966	18.1490
712.7116	18.3060
713.7256	18.2400
714.7405	18.1820
715.7545	18.2410
716.7685	18.3020
717.7835	18.2090
718.7975	18.2030
719.8125	18.3320
720.8265	18.2440
721.8414	18.3600
722.8554	18.3560
723.8694	18.2600
724.8844	18.2490
725.8984	18.2010
726.9134	18.3630
727.9273	18.3200
728.9413	18.3500
729.9563	18.3730
730.9703	18.3070
731.9853	18.3470
732.9993	18.3670
734.0143	18.3530
735.0282	18.4340
736.0422	18.3430
737.0572	18.4060
738.0712	18.4450
739.0862	18.5080
740.1002	18.3880
741.1141	18.3910
742.1291	18.5260
743.1431	18.4620
744.1581	18.4930
745.1721	18.4560
746.1871	18.4200
747.2011	18.5310
748.2150	18.4730
749.2300	18.3910
750.2440	18.5140
751.2590	18.5250
752.2730	18.5020
753.2880	18.6010
754.3019	18.6710
755.3159	18.6050
756.3309	18.6350
757.3449	18.6270
758.3599	18.7280
759.3739	18.7280
760.3879	18.7270
761.4028	18.7260
762.4168	18.6000
763.4318	18.6270
764.4458	18.7250
765.4608	18.8460
766.4748	18.8380
767.4887	18.8290
768.5037	18.7520
769.5177	18.7590
770.5327	18.8430
771.5467	18.9010
772.5607	18.9780
773.5756	18.9190
774.5896	18.9510
775.6046	19.0590
776.6186	19.1040
777.6336	18.9800
778.6476	18.8980
779.6616	18.9820
780.6765	19.0250
781.6905	18.8820
782.7055	18.9180
783.7195	18.9960
784.7345	19.0990
785.7485	18.9810
786.7624	18.9590
787.7774	19.0770
788.7914	19.0490
789.8064	19.0060
790.8204	19.1980
791.8344	19.2340
792.8494	19.0340
793.8633	19.0290
794.8783	19.0920
795.8923	19.1770
796.9073	19.2400
797.9213	19.2570
798.9353	19.1790
799.9502	19.1090
800.9642	19.1860
801.9792	19.1380
802.9932	19.1690
804.0072	19.1850
805.0222	19.1270
806.0362	19.0820
807.0511	19.0660
808.0651	19.2360
809.0801	19.3250
810.0941	19.2860
811.1081	19.3580
812.1231	19.3830
813.1370	19.3760
814.1520	19.3000
815.1660	19.3130
816.1810	19.2250
817.1950	19.4860
818.2090	19.4910
819.2240	19.3900
820.2379	19.3010
821.2529	19.3330
822.2669	19.4000
823.2809	19.3510
824.2959	19.3170
825.3099	19.4090
826.3248	19.4710
827.3388	19.4500
828.3538	19.5440
829.3678	19.5220
830.3818	19.5480
831.3968	19.6580
832.4108	19.4510
833.4257	19.4870
834.4397	19.5070
835.4537	19.5570
836.4687	19.5330
837.4827	19.5470
838.4977	19.6500
839.5116	19.6320
840.5266	19.5340
841.5406	19.6010
842.5546	19.6140
843.5696	19.6770
844.5836	19.8200
845.5986	19.9020
846.6125	19.7910
847.6275	19.6390
848.6415	19.7280
849.6555	19.7920
850.6705	19.7990
851.6845	19.7840
852.6994	19.8790
853.7134	19.8720
854.7274	19.9640
855.7424	20.0070
856.7564	19.8980
857.7714	19.8700
858.7854	19.9220
859.8003	19.9590
860.8143	19.8870
861.8283	19.9080
862.8433	19.9250
863.8573	19.9010
864.8723	19.8380
865.8862	19.8320
866.9002	19.9790
867.9152	20.0150
868.9292	20.0390
869.9442	20.0030
870.9582	19.9920
871.9732	19.9420
872.9871	19.8600
874.0011	20.0640
875.0161	20.1020
876.0301	20.1370
877.0451	20.1240
878.0591	20.0220
879.0740	19.9170
880.0880	20.0690
881.1020	20.0990
882.1170	20.0870
883.1310	20.0560
884.1460	20.3300
885.1600	20.2950
886.1739	20.1660
887.1889	20.1740
888.2029	20.3370
889.2179	20.3290
890.2319	20.2520
891.2469	20.3030
892.2608	20.3660
893.2748	20.4380
894.2898	20.3950
895.3038	20.3180
896.3188	20.3460
897.3328	20.3360
898.3478	20.2860
899.3617	20.2980
900.3757	20.2900
901.3907	20.3090
902.4047	20.3920
903.4197	20.5350
904.4337	20.5140
905.4476	20.5730
906.4626	20.5750
907.4766	20.5380
908.4916	20.3680
909.5056	20.5180
910.5206	20.6660
911.5346	20.5690
912.5485	20.4560
913.5635	20.6730
914.5775	20.5700
915.5925	20.5300
916.6065	20.6090
917.6205	20.7650
918.6354	20.7570
919.6494	20.8060
920.6644	20.7630
921.6784	20.7580
922.6934	20.7180
923.7074	20.4860
924.7214	20.5980
925.7363	20.8440
926.7503	20.7220
927.7653	20.8740
928.7793	20.8030
929.7943	20.8080
930.8083	20.7580
931.8222	20.7060
932.8372	20.8790
933.8512	20.9200
934.8662	20.7910
935.8802	20.7930
936.8942	20.8170
937.9092	20.8020
938.9231	20.8800
939.9381	20.8970
940.9521	20.8900
941.9671	20.9380
942.9811	20.9780
943.9951	20.9350
945.0100	20.9610
946.0240	21.0790
947.0390	21.0900
948.0530	21.2090
949.0670	21.1200
950.0820	21.0030
951.0960	21.0600
952.1109	21.0220
953.1249	21.1850
954.1399	21.1610
955.1539	21.1400
956.1679	21.3130
957.1829	21.4140
958.1968	21.2430
959.2118	21.1350
960.2258	21.1130
961.2408	21.2250
962.2548	21.3230
963.2688	21.2800
964.2838	21.3080
965.2977	21.3630
966.3127	21.3030
967.3267	21.3140
968.3407	21.3000
969.3557	21.2560
970.3697	21.3410
971.3846	21.2970
972.3986	21.2160
973.4136	21.2730
974.4276	21.4000
975.4416	21.4690
976.4566	21.5140
977.4706	21.5530
978.4855	21.4160
979.4995	21.4730
980.5135	21.3990
981.5285	21.4180
982.5425	21.5480
983.5575	21.4850
984.5714	21.4390
985.5864	21.5100
986.6004	21.5650
987.6144	21.7080
988.6294	21.6490
989.6434	21.6540
990.6584	21.5040
991.6723	21.6060
992.6873	21.4750
993.7013	21.5430
994.7153	21.7340
995.7303	21.7330
996.7443	21.6600
997.7592	21.7080
998.7732	21.7410
999.7872	21.6550
1000.8022	21.6830
1001.8162	21.7500
1002.8312	21.7860
1003.8451	21.7350
1004.8601	21.7940
1005.8741	21.8780
1006.8881	21.9380
1007.9031	21.8740
1008.9171	21.8130
1009.9321	21.9180
1010.9460	21.9080
1011.9600	21.8750
1012.9750	21.9160
1013.9890	21.9730
1015.0040	21.9370
1016.0180	21.9010
1017.0329	21.9160
1018.0469	21.7810
1019.0609	21.8280
1020.0759	21.9350
1021.0899	22.0450
1022.1049	22.0720
1023.1189	21.9680
1024.1338	21.9960
1025.1478	22.1220
1026.1618	22.0640
1027.1768	22.0450
1028.1908	22.1810
1029.2058	22.1080
1030.2197	22.0680
1031.2337	22.1630
1032.2487	22.2020
1033.2627	22.2070
1034.2777	22.1370
1035.2917	22.2150
1036.3067	22.2050
1037.3206	22.2140
1038.3346	22.3740
1039.3496	22.4690
1040.3636	22.4880
1041.3786	22.4310
1042.3926	22.3630
1043.4065	22.4080
1044.4215	22.4280
1045.4355	22.4710
1046.4505	22.3860
1047.4645	22.4590
1048.4795	22.4340
1049.4935	22.4280
1050.5074	22.5290
1051.5224	22.5370
1052.5364	22.6150
1053.5514	22.4790
1054.5654	22.4270
1055.5804	22.5200
1056.5943	22.5720
1057.6083	22.5910
1058.6233	22.5760
1059.6373	22.6580
1060.6523	22.4860
1061.6663	22.4480
1062.6803	22.4750
1063.6952	22.6480
1064.7092	22.7080
1065.7242	22.5550
1066.7382	22.5570
1067.7532	22.7160
1068.7672	22.8100
1069.7811	22.7900
1070.7961	22.8340
1071.8101	22.8640
1072.8251	22.7370
1073.8391	22.8210
1074.8531	22.7630
1075.8681	22.7890
1076.8820	22.8080
1077.8970	22.7770
1078.9110	22.8480
1079.9260	22.7450
1080.9400	22.8600
1081.9540	22.8850
1082.9689	22.9090
1083.9829	22.8680
1084.9979	22.9930
1086.0119	22.8800
1087.0269	22.9160
1088.0409	22.9930
1089.0549	23.0510
1090.0698	23.1320
1091.0838	22.9980
1092.0988	22.9490
1093.1128	23.0960
1094.1268	23.0510
1095.1418	23.1250
1096.1557	23.0940
1097.1707	23.0270
1098.1847	23.0510
1099.1997	23.1210
1100.2137	23.1900
1101.2277	23.1590
1102.2427	23.0850
1103.2566	23.1250
1104.2716	23.2200
1105.2856	23.1420
1106.3006	23.1800
1107.3146	23.2140
1108.3286	23.3220
1109.3435	23.3970
1110.3575	23.2870
1111.3725	23.2850
1112.3865	23.3520
1113.4005	23.3600
1114.4155	23.3780
1115.4295	23.5050
1116.4444	23.4760
1117.4584	23.4320
1118.4734	23.3320
1119.4874	23.4400
1120.5014	23.4950
1121.5164	23.4080
1122.5303	23.4040
1123.5453	23.4690
1124.5593	23.5330
1125.5733	23.5600
1126.5883	23.6330
1127.6023	23.5920
1128.6173	23.4780
1129.6312	23.5810
1130.6462	23.7780
1131.6602	23.7760
1132.6742	23.5860
1133.6892	23.7060
1134.7032	23.7050
1135.7181	23.7350
1136.7321	23.7760
1137.7471	23.7160
1138.7611	23.8020
1139.7751	23.8560
1140.7901	23.8340
1141.8041	23.6990
1142.8190	23.7270
1143.8330	23.8370
1144.8470	23.8420
1145.8620	23.7850
1146.8760	23.7720
1147.8910	23.9440
1148.9049	23.8960
1149.9199	23.7990
1150.9339	23.9380
1151.9479	23.9260
1152.9629	23.9410
1153.9769	23.9630
1154.9919	24.0030
1156.0058	24.0330
1157.0198	24.0030
1158.0348	24.0830
1159.0488	24.1480
1160.0638	24.0830
1161.0778	24.1010
1162.0927	24.0800
1163.1067	24.1590
1164.1207	24.1410
1165.1357	24.1560
1166.1497	24.2050
1167.1647	24.3160
1168.1787	24.1810
1169.1936	24.2260
1170.2076	24.3360
1171.2216	24.2570
1172.2366	24.2460
1173.2506	24.2670
1174.2656	24.3210
1175.2795	24.4010
1176.2935	24.4780
1177.3085	24.4400
1178.3225	24.4270
1179.3375	24.5780
1180.3515	24.5020
1181.3665	24.5140
1182.3804	24.5410
1183.3944	24.4690
1184.4094	24.5690
1185.4234	24.4720
1186.4384	24.7120
1187.4524	24.6660
1188.4663	24.5090
1189.4813	24.5690
1190.4953	24.6800
1191.5103	24.6290
1192.5243	24.7390
1193.5393	24.8050
1194.5533	24.7890
1195.5672	24.8540
1196.5822	24.7170
1197.5962	24.8490
1198.6112	24.8340
1199.6252	24.7830
1200.6402	24.8630
1201.6541	24.8370
1202.6681	24.9660
1203.6831	24.9520
1204.6971	25.0950
1205.7121	24.9880
1206.7261	24.9190
1207.7401	25.0370
1208.7550	25.0670
1209.7690	25.0190
1210.7840	24.9900
1211.7980	25.0460
1212.8130	25.1030
1213.8270	25.1650
1214.8409	25.1890
1215.8559	25.0540
1216.8699	25.0220
1217.8849	25.1060
1218.8989	25.1270
1219.9129	25.1570
1220.9279	25.2240
1221.9418	25.1500
1222.9568	25.2100
1223.9708	25.1610
1224.9858	25.1800
1225.9998	25.2530
1227.0138	25.3170
1228.0287	25.2590
1229.0427	25.4210
1230.0577	25.3720
1231.0717	25.3550
1232.0867	25.3100
1233.1007	25.3600
1234.1146	25.6490
1235.1296	25.4760
1236.1436	25.4520
1237.1586	25.4350
1238.1726	25.6240
1239.1866	25.4920
1240.2016	25.5050
1241.2155	25.5450
1242.2305	25.6610
1243.2445	25.6510
1244.2595	25.4750
1245.2735	25.6600
1246.2875	25.6370
1247.3024	25.5790
1248.3164	25.7170
1249.3314	25.8050
1250.3454	25.7060
1251.3594	25.5980
1252.3744	25.7060
1253.3884	25.7920
1254.4033	25.8830
1255.4173	25.9150
1256.4323	25.8680
1257.4463	25.8370
1258.4603	25.8490
1259.4753	25.8300
1260.4892	25.8670
1261.5042	25.9570
1262.5182	26.0220
1263.5332	25.9800
1264.5472	25.9190
1265.5612	26.0290
1266.5762	25.9420
1267.5901	26.0930
1268.6051	26.1060
1269.6191	25.9780
1270.6331	25.9860
1271.6481	26.1560
1272.6621	26.0820
1273.6770	26.1460
1274.6910	26.2710
1275.7060	26.1730
1276.7200	26.1150
1277.7340	26.2130
1278.7490	26.3280
1279.7630	26.2160
1280.7779	26.3070
1281.7919	26.3120
1282.8059	26.3020
1283.8209	26.3970
1284.8349	26.3580
1285.8499	26.4240
1286.8638	26.4680
1287.8788	26.3990
1288.8928	26.4530
1289.9068	26.5220
1290.9218	26.5210
1291.9358	26.4950
1292.9508	26.5380
1293.9647	26.4550
1294.9797	26.4930
1295.9937	26.5110
1297.0077	26.5170
1298.0227	26.5810
1299.0367	26.5830
1300.0516	26.5490
1301.0656	26.5240
1302.0796	26.5170
1303.0946	26.5910
1304.1086	26.7060
1305.1236	26.6420
1306.1376	26.7070
1307.1525	26.7280
1308.1665	26.6920
1309.1805	26.7610
1310.1955	27.0210
1311.2095	26.9380
1312.2245	26.8360
1313.2384	26.8140
1314.2534	26.9040
1315.2674	26.9040
1316.2814	27.0020
1317.2964	26.9530
1318.3104	26.9630
1319.3254	27.0020
1320.3393	27.2060
1321.3533	27.1260
1322.3683	27.0460
1323.3823	27.1010
1324.3973	27.1570
1325.4113	27.0650
1326.4262	27.0010
1327.4402	27.0630
1328.4542	27.1560
1329.4692	27.1760
1330.4832	27.2260
1331.4982	27.2350
1332.5122	27.2920
1333.5261	27.3560
1334.5411	27.3360
1335.5551	27.3520
1336.5701	27.3090
1337.5841	27.2990
1338.5991	27.3090
1339.6130	27.3140
1340.6270	27.4250
1341.6420	27.4690
1342.6560	27.4080
1343.6710	27.3240
1344.6850	27.3030
1345.7000	27.4990
1346.7139	27.6000
1347.7279	27.5940
1348.7429	27.5560
1349.7569	27.5730
1350.7719	27.6660
1351.7859	27.5950
1352.7998	27.6490
1353.8148	27.6020
1354.8288	27.6080
1355.8438	27.6060
1356.8578	27.6190
1357.8728	27.6740
1358.8868	27.7230
1359.9007	27.8380
1360.9157	27.8060
1361.9297	27.6970
1362.9447	27.7710
1363.9587	27.7690
1364.9727	27.7970
1365.9876	27.7680
1367.0016	27.8820
1368.0166	27.8160
1369.0306	27.8160
1370.0456	27.8790
1371.0596	27.8330
1372.0736	27.9450
1373.0885	27.9710
1374.1025	28.0140
1375.1175	27.9880
1376.1315	28.0960
1377.1465	28.2240
1378.1605	28.1660
1379.1744	28.1090
1380.1894	28.1840
1381.2034	28.1020
1382.2184	28.1730
1383.2324	28.0690
1384.2464	28.1080
1385.2614	28.2600
1386.2753	28.1730
1387.2903	28.2440
1388.3043	28.3590
1389.3193	28.4350
1390.3333	28.3920
1391.3473	28.3300
1392.3622	28.2610
1393.3762	28.3820
1394.3912	28.3270
1395.4052	28.3550
1396.4192	28.2290
1397.4342	28.2390
1398.4482	28.3260
1399.4631	28.3960
1400.4771	28.4160
1401.4921	28.4160
1402.5061	28.5240
1403.5201	28.4600
1404.5351	28.5130
1405.5490	28.5810
1406.5640	28.6340
1407.5780	28.5660
1408.5930	28.5780
1409.6070	28.5380
1410.6210	28.5500
1411.6360	28.6270
1412.6499	28.6240
1413.6649	28.6820
1414.6789	28.6610
1415.6929	28.7950
1416.7079	28.7420
1417.7219	28.8060
1418.7368	28.7240
1419.7508	28.7990
1420.7658	28.7740
1421.7798	28.7100
1422.7938	28.8470
1423.8088	28.8500
1424.8228	28.7910
1425.8377	28.8600
1426.8517	28.9770
1427.8657	28.9490
1428.8807	28.9740
1429.8947	29.0160
1430.9097	28.8840
1431.9236	28.8520
1432.9386	28.8800
1433.9526	28.9200
1434.9666	29.0150
1435.9816	29.1230
1436.9956	29.0200
1438.0105	29.1630
1439.0245	29.1530
1440.0395	29.1490
1441.0535	29.1400
1442.0675	29.2190
1443.0825	29.2640
1444.0965	29.3010
1445.1114	29.1930
1446.1254	29.2090
1447.1394	29.3410
1448.1544	29.3670
1449.1684	29.3760
1450.1834	29.4110
1451.1974	29.4390
1452.2123	29.3480
1453.2263	29.3760
1454.2403	29.4310
1455.2553	29.4540
1456.2693	29.4720
1457.2843	29.4770
1458.2982	29.5140
1459.3122	29.5940
1460.3272	29.5840
1461.3412	29.7120
1462.3562	29.5570
1463.3702	29.6680
1464.3851	29.6180
1465.3991	29.5870
1466.4131	29.6460
1467.4281	29.6150
1468.4421	29.6310
1469.4571	29.8820
1470.4711	29.6660
1471.4860	29.6820
1472.5000	29.8460
1473.5140	29.7990
1474.5290	29.8270
1475.5430	29.8270
1476.5580	29.9520
1477.5719	29.8940
1478.5859	29.8940
1479.6009	29.9760
1480.6149	30.0270
1481.6299	30.0320
1482.6439	29.9840
1483.6589	29.9070
1484.6728	29.9720
1485.6868	30.0340
1486.7018	29.9310
1487.7158	30.1070
1488.7308	30.0780
1489.7448	30.1210
1490.7587	30.1230
1491.7737	30.2390
1492.7877	30.1640
1493.8027	30.0330
1494.8167	30.0650
1495.8317	30.2000
1496.8457	30.2030
1497.8596	30.2930
1498.8746	30.3530
1499.8886	30.3140
1500.9036	30.4000
1501.9176	30.4050
1502.9326	30.5300
1503.9465	30.3910
1504.9605	30.4420
1505.9755	30.3850
1506.9895	30.4480
1508.0045	30.5050
1509.0185	30.4560
1510.0325	30.5100
1511.0474	30.4300
1512.0614	30.5050
1513.0764	30.6630
1514.0904	30.6520
1515.1054	30.6440
1516.1194	30.6160
1517.1333	30.6280
1518.1483	30.6330
1519.1623	30.7860
1520.1773	30.7380
1521.1913	30.7320
1522.2063	30.7340
1523.2203	30.8640
1524.2342	30.9730
1525.2492	30.8410
1526.2632	30.8700
1527.2782	30.8210
1528.2922	30.8370
1529.3062	30.8050
1530.3211	30.8820
1531.3351	30.8840
1532.3501	30.8970
1533.3641	30.9480
1534.3791	30.9360
1535.3931	31.0870
1536.4071	31.0180
1537.4220	31.0200
1538.4360	31.1090
1539.4510	31.1840
1540.4650	31.1920
1541.4790	31.1090
1542.4940	31.1720
1543.5079	31.1780
1544.5229	31.1340
1545.5369	31.1320
1546.5519	31.1470
1547.5659	31.1840
1548.5799	31.2370
1549.5949	31.3010
1550.6088	31.2360
1551.6238	31.1820
1552.6378	31.3040
1553.6528	31.3400
1554.6668	31.4250
1555.6808	31.5040
1556.6957	31.3680
1557.7097	31.4220
1558.7247	31.4360
1559.7387	31.4360
1560.7527	31.3660
1561.7677	31.4190
1562.7817	31.4140
1563.7966	31.3720
1564.8106	31.5030
1565.8256	31.6950
1566.8396	31.5450
1567.8536	31.5250
1568.8686	31.7140
1569.8825	31.5560
1570.8975	31.6380
1571.9115	31.6670
1572.9255	31.6780
1573.9405	31.7450
1574.9545	31.5940
1575.9695	31.8000
1576.9834	31.7290
1577.9984	31.9560
1579.0124	31.7910
1580.0264	31.7820
1581.0414	31.8920
1582.0554	31.8110
1583.0703	31.8380
1584.0843	31.9230
1585.0993	31.9700
1586.1133	31.8830
1587.1273	31.8910
1588.1423	32.0790
1589.1563	32.0470
1590.1712	31.8390
1591.1852	31.9310
1592.1992	32.0290
1593.2142	32.0920
1594.2282	32.0650
1595.2432	32.1820
1596.2571	32.1540
1597.2721	32.0140
1598.2861	32.1460
1599.3001	32.1240
1600.3151	32.2120
1601.3291	32.1620
1602.3441	32.2620
1603.3580	32.3410
1604.3720	32.2700
1605.3870	32.2800
1606.4010	32.2620
1607.4160	32.2160
1608.4300	32.2000
1609.4449	32.3630
1610.4589	32.3880
1611.4729	32.3000
1612.4879	32.3190
1613.5019	32.5170
1614.5169	32.5470
1615.5309	32.3830
1616.5458	32.3790
1617.5598	32.5750
1618.5738	32.5360
1619.5888	32.5510
1620.6028	32.5790
1621.6178	32.5990
1622.6317	32.7030
1623.6457	32.7760
1624.6607	32.7520
1625.6747	32.7660
1626.6897	32.7890
1627.7037	32.7730
1628.7187	32.6890
1629.7326	32.7890
1630.7466	32.8020
1631.7616	32.9140
1632.7756	32.9030
1633.7906	32.7740
1634.8046	32.8760
1635.8185	32.8110
1636.8335	32.9330
1637.8475	32.9230
1638.8625	33.0560
1639.8765	32.9910
1640.8915	32.9930
1641.9055	33.0060
1642.9194	33.0740
1643.9344	33.0900
1644.9484	33.1910
1645.9634	33.1170
1646.9774	33.1050
1647.9924	33.0580
1649.0063	33.1690
1650.0203	33.2080
1651.0353	33.1820
1652.0493	33.2450
1653.0643	33.2030
1654.0783	33.2170
1655.0923	33.3530
1656.1072	33.4990
1657.1212	33.4300
1658.1362	33.3330
1659.1502	33.1700
1660.1652	33.3810
1661.1792	33.3990
1662.1931	33.3140
1663.2081	33.4110
1664.2221	33.4980
1665.2371	33.6180
1666.2511	33.4690
1667.2651	33.5220
1668.2801	33.5880
1669.2940	33.6300
1670.3090	33.7410
1671.3230	33.5880
1672.3380	33.6060
1673.3520	33.7880
1674.3660	33.7150
1675.3809	33.8060
1676.3949	33.7050
1677.4099	33.7270
1678.4239	33.8950
1679.4389	33.9120
1680.4529	33.8460
1681.4669	33.8700
1682.4818	33.9860
1683.4958	33.9190
1684.5108	33.8580
1685.5248	33.9890
1686.5388	34.0000
1687.5538	33.9020
1688.5677	33.9290
1689.5827	34.0070
1690.5967	34.0400
1691.6117	33.9630
1692.6257	34.0640
1693.6397	34.1200
1694.6546	34.1230
1695.6686	34.1870
1696.6836	34.2640
1697.6976	34.2310
1698.7116	34.3370
1699.7266	34.1600
1700.7406	34.2030
1701.7555	34.2510
1702.7695	34.3990
1703.7845	34.4870
1704.7985	34.3390
1705.8125	34.4090
1706.8275	34.3840
1707.8414	34.3230
1708.8564	34.3720
1709.8704	34.5240
1710.8854	34.6050
1711.8994	34.6530
1712.9134	34.6400
1713.9284	34.6900
1714.9423	34.5520
1715.9573	34.6170
1716.9713	34.6820
1717.9853	34.6510
1719.0003	34.6700
1720.0143	34.6420
1721.0292	34.7910
1722.0432	34.7580
1723.0582	34.6790
1724.0722	34.7590
1725.0862	34.6870
1726.1012	34.8290
1727.1152	34.7620
1728.1301	34.9220
1729.1441	34.9240
1730.1591	34.9630
1731.1731	34.9800
1732.1871	34.9450
1733.2021	34.9400
1734.2160	35.0340
1735.2310	34.9460
1736.2450	34.9640
1737.2590	35.1260
1738.2740	35.1370
1739.2880	35.0900
1740.3030	35.1200
1741.3169	35.1690
1742.3319	35.1590
1743.3459	35.1020
1744.3599	35.2690
1745.3749	35.1730
1746.3889	35.2880
1747.4038	35.3170
1748.4178	35.2590
1749.4318	35.3170
1750.4468	35.2970
1751.4608	35.3000
1752.4758	35.4530
1753.4898	35.4780
1754.5047	35.5440
1755.5187	35.4580
1756.5327	35.4770
1757.5477	35.4420
1758.5617	35.4780
1759.5767	35.4750
1760.5906	35.5830
1761.6056	35.5990
1762.6196	35.5950
1763.6336	35.5980
1764.6486	35.5110
1765.6626	35.5680
1766.6776	35.6870
1767.6915	35.6160
1768.7055	35.7430
1769.7205	35.8800
1770.7345	35.8490
1771.7495	35.9230
1772.7635	35.9020
1773.7784	35.9070
1774.7924	35.9630
1775.8064	35.8100
1776.8214	35.9280
1777.8354	35.9490
1778.8504	35.9980
1779.8644	35.9400
1780.8783	36.0660
1781.8933	35.9760
1782.9073	36.0850
1783.9223	35.9970
1784.9363	36.0500
1785.9513	36.1740
1786.9652	36.1860
1787.9792	36.1440
1788.9942	36.3030
1790.0082	36.2990
1791.0232	36.2510
1792.0372	36.3510
1793.0522	36.3470
1794.0661	36.2890
1795.0801	36.2290
1796.0951	36.3180
1797.1091	36.3620
1798.1241	36.4730
1799.1381	36.5260
1800.1520	36.5120
1801.1670	36.6030
1802.1810	36.4840
1803.1960	36.4970
1804.2100	36.5760
1805.2250	36.6730
1806.2390	36.6030
1807.2529	36.5260
1808.2679	36.6610
1809.2819	36.7500
1810.2969	36.6850
1811.3109	36.7710
1812.3249	36.8080
1813.3398	36.8260
1814.3538	36.7830
1815.3688	36.8540
1816.3828	36.8820
1817.3978	36.8840
1818.4118	36.9010
1819.4258	36.8910
1820.4407	37.0060
1821.4547	37.0750
1822.4697	37.0220
1823.4837	37.0460
1824.4987	36.9580
1825.5127	37.1420
1826.5266	37.1390
1827.5416	37.0240
1828.5556	37.0450
1829.5706	37.1150
1830.5846	37.1670
1831.5986	37.0520
1832.6136	37.1620
1833.6275	37.1820
1834.6425	37.2590
1835.6565	37.3750
1836.6715	37.3150
1837.6855	37.2510
1838.6995	37.3780
1839.7144	37.3750
1840.7284	37.4190
1841.7434	37.2710
1842.7574	37.4180
1843.7714	37.5480
1844.7864	37.5610
1845.8004	37.6050
1846.8153	37.6680
1847.8293	37.6930
1848.8443	37.6480
1849.8583	37.7040
1850.8723	37.6980
1851.8873	37.6510
1852.9012	37.8070
1853.9162	37.8540
1854.9302	37.7620
1855.9452	37.8840
1856.9592	37.7030
1857.9732	37.8910
1858.9882	37.8800
1860.0021	37.9270
1861.0171	37.9380
1862.0311	38.0060
1863.0451	38.0850
1864.0601	37.9290
1865.0741	37.9790
1866.0890	38.0080
1867.1030	38.0830
1868.1180	38.0140
1869.1320	38.1030
1870.1460	38.2070
1871.1610	38.2860
1872.1750	38.1600
1873.1899	38.2470
1874.2039	38.3350
1875.2179	38.3860
1876.2329	38.4550
1877.2469	38.3830
1878.2619	38.4380
1879.2758	38.4420
1880.2908	38.5300
1881.3048	38.4860
1882.3188	38.4000
1883.3338	38.5350
1884.3478	38.3990
1885.3628	38.3310
1886.3767	38.3840
1887.3917	38.5270
1888.4057	38.4170
1889.4197	38.4620
1890.4347	38.4700
1891.4487	38.6990
1892.4636	38.6530
1893.4776	38.4800
1894.4916	38.5420
1895.5066	38.6650
1896.5206	38.5990
1897.5356	38.6030
1898.5495	38.7280
1899.5645	38.7350
1900.5785	38.8210
1901.5925	38.7290
1902.6075	38.7570
1903.6215	38.7470
1904.6365	38.8470
1905.6504	38.8890
1906.6654	38.8400
1907.6794	38.9090
1908.6934	38.9150
1909.7084	38.9860
1910.7224	39.0930
1911.7373	39.0810
1912.7513	39.2650
1913.7653	39.1510
1914.7803	39.1390
1915.7943	39.1650
1916.8093	39.1530
1917.8233	39.1410
1918.8382	39.1520
1919.8522	39.2070
1920.8662	39.2970
1921.8812	39.3140
1922.8952	39.4080
1923.9102	39.3550
1924.9241	39.2520
1925.9381	39.1910
1926.9531	39.4390
1927.9671	39.4500
1928.9821	39.4210
1929.9961	39.5180
1931.0111	39.4720
1932.0250	39.5230
1933.0390	39.6090
1934.0540	39.6620
1935.0680	39.6860
1936.0830	39.7630
1937.0970	39.7590
1938.1119	39.7940
1939.1259	39.7130
1940.1399	39.7200
1941.1549	39.7100
1942.1689	39.8270
1943.1839	39.8840
1944.1979	39.8840
1945.2118	39.8340
1946.2268	40.0690
1947.2408	40.0900
1948.2558	39.8820
1949.2698	40.0210
1950.2848	40.1230
1951.2987	39.9940
1952.3127	39.9400
1953.3277	40.1040
1954.3417	40.1580
1955.3567	40.1010
1956.3707	40.1420
1957.3847	40.2460
1958.3996	40.1780
1959.4136	40.2260
1960.4286	40.2830
1961.4426	40.2300
1962.4576	40.2690
1963.4716	40.4020
1964.4855	40.5000
1965.5005	40.3930
1966.5145	40.4790
1967.5295	40.4890
1968.5435	40.5240
1969.5585	40.6450
1970.5725	40.7270
1971.5864	40.6670
1972.6014	40.5020
1973.6154	40.7260
1974.6304	40.7220
1975.6444	40.7940
1976.6584	40.7260
1977.6733	40.8810
1978.6873	40.8910
1979.7023	40.8220
1980.7163	40.9750
1981.7313	41.0600
1982.7453	40.8980
1983.7593	40.8490
1984.7742	40.9650
1985.7882	40.9070
1986.8032	40.9930
1987.8172	41.0430
1988.8312	41.1260
1989.8462	41.2690
1990.8601	41.1250
1991.8751	41.1670
1992.8891	41.1050
1993.9041	41.2100
1994.9181	41.2950
1995.9321	41.4260
1996.9471	41.4200
1997.9610	41.3640
1998.9760	41.5500
1999.9900	41.5050
2001.0050	41.4770
2002.0190	41.5400
2003.0330	41.5880
2004.0479	41.6630
2005.0619	41.5700
2006.0769	41.6800
2007.0909	41.7350
2008.1049	41.7120
2009.1199	41.6550
2010.1339	41.7360
2011.1488	41.9080
2012.1628	41.7900
2013.1778	41.9020
2014.1918	41.9700
2015.2058	41.9190
2016.2208	41.9800
2017.2347	41.9620
2018.2497	42.1800
2019.2637	42.1670
2020.2777	42.1760
2021.2927	42.2220
2022.3067	42.2240
2023.3217	42.3110
2024.3356	42.3120
2025.3506	42.2460
2026.3646	42.3040
2027.3786	42.3450
2028.3936	42.3090
2029.4076	42.3180
2030.4225	42.3460
2031.4365	42.3010
2032.4515	42.3690
2033.4655	42.4470
2034.4795	42.4790
2035.4945	42.3770
2036.5085	42.4730
2037.5234	42.5450
2038.5374	42.5290
2039.5514	42.5340
2040.5664	42.6870
2041.5804	42.5060
2042.5954	42.4570
2043.6093	42.6110
2044.6243	42.7930
2045.6383	42.7260
2046.6523	42.7330
2047.6673	42.7330
2048.6813	42.7880
2049.6963	42.7990
2050.7102	42.8330
2051.7242	42.9890
2052.7392	43.0840
2053.7532	43.0070
2054.7682	42.8970
2055.7822	42.9760
2056.7971	43.0210
2057.8111	42.9490
2058.8251	42.9490
2059.8401	43.0480
2060.8541	43.0960
2061.8691	43.1570
2062.8831	43.1690
2063.8980	43.2610
2064.9120	43.1200
2065.9260	43.1380
2066.9410	43.2480
2067.9550	43.2570
2068.9700	43.2970
2069.9839	43.3560
2070.9979	43.4710
2072.0129	43.5170
2073.0269	43.5220
2074.0419	43.4690
2075.0559	43.5320
2076.0709	43.5170
2077.0848	43.6190
2078.0988	43.6090
2079.1138	43.6570
2080.1278	43.6740
2081.1428	43.6470
2082.1568	43.7780
2083.1707	43.8540
2084.1857	43.8310
2085.1997	43.9300
2086.2147	43.9330
2087.2287	43.9890
2088.2437	43.9820
2089.2577	43.9190
2090.2716	43.9650
2091.2866	44.0170
2092.3006	44.0550
2093.3156	44.1790
2094.3296	44.3040
2095.3446	44.2130
2096.3585	44.2520
2097.3725	44.3280
2098.3875	44.2580
2099.4015	44.4470
2100.4165	44.4980
2101.4305	44.4810
2102.4445	44.5650
2103.4594	44.4640
2104.4734	44.5670
2105.4884	44.6500
2106.5024	44.7300
2107.5174	44.7020
2108.5314	44.6880
2109.5453	44.8440
2110.5603	44.9540
2111.5743	44.8870
2112.5893	44.8690
2113.6033	45.0230
2114.6183	45.1260
2115.6323	45.0820
2116.6462	44.9330
2117.6612	45.0960
2118.6752	45.3040
2119.6902	45.2790
2120.7042	45.1770
2121.7182	45.1830
2122.7331	45.3940
2123.7471	45.5390
2124.7621	45.4280
2125.7761	45.5060
2126.7911	45.5340
2127.8051	45.5430
2128.8190	45.6410
2129.8340	45.6070
2130.8480	45.6100
2131.8630	45.7920
2132.8770	45.7650
2133.8910	45.8080
2134.9060	45.8560
2135.9199	45.8730
2136.9349	45.8470
2137.9489	45.9780
2138.9639	46.0230
2139.9779	46.0130
2140.9919	45.9900
2142.0068	46.0830
2143.0208	46.1790
2144.0358	46.1460
2145.0498	46.0960
2146.0648	46.2950
2147.0788	46.2820
2148.0928	46.2950
2149.1077	46.4700
2150.1217	46.4280
2151.1367	46.5080
2152.1507	46.4610
2153.1647	46.5150
2154.1797	46.6650
2155.1936	46.5650
2156.2086	46.6450
2157.2226	46.7330
2158.2376	46.7520
2159.2516	46.7500
2160.2656	46.9370
2161.2806	46.9470
2162.2945	46.8800
2163.3095	46.8770
2164.3235	47.0920
2165.3375	47.0450
2166.3525	46.9990
2167.3665	47.0780
2168.3814	47.1650
2169.3954	47.1550
2170.4104	47.1650
2171.4244	47.0630
2172.4384	47.1340
2173.4534	47.2840
2174.4674	47.3490
2175.4823	47.3470
2176.4963	47.4120
2177.5113	47.3550
2178.5253	47.5300
2179.5393	47.4690
2180.5543	47.5900
2181.5682	47.5410
2182.5832	47.4990
2183.5972	47.5690
2184.6112	47.6170
2185.6262	47.5760
2186.6402	47.5680
2187.6552	47.6770
2188.6691	47.7450
2189.6841	47.7800
2190.6981	47.8450
2191.7121	47.9540
2192.7271	47.9370
2193.7411	47.7660
2194.7560	47.8740
2195.7700	47.9220
2196.7840	47.8690
2197.7990	47.9270
2198.8130	47.9810
2199.8280	48.2300
2200.8420	48.2400
2201.8569	48.2660
2202.8709	48.2350
2203.8849	48.2030
2204.8999	48.3540
2205.9139	48.2370
2206.9289	48.2020
2207.9428	48.3530
2208.9578	48.5810
2209.9718	48.4860
2210.9858	48.4520
2212.0008	48.4870
2213.0148	48.6140
2214.0298	48.6360
2215.0437	48.6500
2216.0577	48.5450
2217.0727	48.6570
2218.0867	48.6480
2219.1017	48.7990
2220.1157	48.8140
2221.1306	48.8720
2222.1446	48.9150
2223.1586	48.9650
2224.1736	48.9380
2225.1876	48.9300
2226.2026	48.8760
2227.2166	48.8690
2228.2305	49.0090
2229.2455	49.0380
2230.2595	49.1470
2231.2745	49.2790
2232.2885	49.3870
2233.3035	49.3670
2234.3174	49.3280
2235.3314	49.3950
2236.3464	49.4050
2237.3604	49.4680
2238.3754	49.5800
2239.3894	49.4820
2240.4044	49.5480
2241.4183	49.6970
2242.4323	49.8860
2243.4473	49.8830
2244.4613	49.7720
2245.4763	49.8450
2246.4903	49.7620
2247.5042	49.9300
2248.5192	49.9020
2249.5332	49.7880
2250.5482	49.8700
2251.5622	50.0090
2252.5772	49.9590
2253.5912	50.0080
2254.6051	49.9770
2255.6201	50.0510
2256.6341	50.0330
2257.6491	50.1460
2258.6631	50.0950
2259.6771	50.2380
2260.6920	50.2280
2261.7060	50.2860
2262.7210	50.3050
2263.7350	50.4040
2264.7500	50.4650
2265.7640	50.4510
2266.7780	50.6500
2267.7929	50.6980
2268.8069	50.6150
2269.8219	50.5630
2270.8359	50.6770
2271.8509	50.9050
2272.8649	50.8010
2273.8788	50.8070
2274.8938	50.7370
2275.9078	50.7570
2276.9228	50.8070
2277.9368	50.8760
2278.9508	51.0070
2279.9658	51.0360
2280.9797	51.0730
2281.9947	51.0810
2283.0087	51.2400
2284.0237	51.1750
2285.0377	51.2240
2286.0517	51.2370
2287.0666	51.2770
2288.0806	51.3610
2289.0956	51.2440
2290.1096	51.3810
2291.1236	51.5270
2292.1386	51.6130
2293.1526	51.5590
2294.1675	51.4790
2295.1815	51.5500
2296.1965	51.6300
2297.2105	51.6510
2298.2245	51.8110
2299.2395	51.8830
2300.2534	51.8300
2301.2684	51.6880
2302.2824	51.8350
2303.2974	51.9210
2304.3114	52.0310
2305.3254	52.0660
2306.3404	52.0290
2307.3543	52.1560
2308.3693	52.1140
2309.3833	52.0550
2310.3973	52.1570
2311.4123	52.3080
2312.4263	52.3920
2313.4412	52.3710
2314.4552	52.4100
2315.4702	52.4700
2316.4842	52.4410
2317.4982	52.3750
2318.5132	52.5040
2319.5272	52.4860
2320.5421	52.5320
2321.5561	52.5810
2322.5711	52.7880
2323.5851	52.6950
2324.5991	52.7440
2325.6141	52.8490
2326.6280	52.8750
2327.6430	52.7470
2328.6570	52.8980
2329.6710	52.9550
2330.6860	52.9290
2331.7000	52.9960
2332.7150	53.0550
2333.7289	53.1240
2334.7439	53.0710
2335.7579	53.1780
2336.7719	53.3430
2337.7869	53.2540
2338.8009	53.4080
2339.8158	53.3930
2340.8298	53.4130
2341.8438	53.4280
2342.8588	53.3550
2343.8728	53.4570
2344.8878	53.5530
2345.9017	53.6840
2346.9167	53.7260
2347.9307	53.7280
2348.9447	53.8150
2349.9597	53.6660
2350.9737	53.8590
2351.9887	53.8540
2353.0026	53.7750
2354.0176	53.8830
2355.0316	54.0100
2356.0456	54.0920
2357.0606	54.0970
2358.0746	54.0520
2359.0895	54.1640
2360.1035	54.1340
2361.1175	54.1660
2362.1325	54.3680
2363.1465	54.3160
2364.1615	54.4230
2365.1755	54.4250
2366.1904	54.4400
2367.2044	54.4170
2368.2184	54.4270
2369.2334	54.4840
2370.2474	54.4700
2371.2624	54.5350
2372.2763	54.6570
2373.2903	54.6720
2374.3053	54.7100
2375.3193	54.6320
2376.3343	54.8190
2377.3483	54.8830
2378.3633	54.8650
2379.3772	54.9490
2380.3912	54.9020
2381.4062	55.0790
2382.4202	55.0210
2383.4352	55.0530
2384.4492	55.1320
2385.4641	55.1850
2386.4781	55.2000
2387.4921	55.1790
2388.5071	55.3160
2389.5211	55.3340
2390.5361	55.4080
2391.5501	55.4200
2392.5640	55.4540
2393.5790	55.4680
2394.5930	55.4970
2395.6080	55.5600
2396.6220	55.4630
2397.6370	55.5550
2398.6509	55.6780
2399.6649	55.7130
2400.6799	55.7350
2401.6939	55.7970
2402.7089	55.7910
2403.7229	55.8150
2404.7369	55.9320
2405.7518	55.8210
2406.7658	55.8530
2407.7808	56.0380
2408.7948	56.0710
2409.8098	56.0140
2410.8238	56.0250
2411.8377	56.1290
2412.8527	56.1640
2413.8667	56.1860
2414.8817	56.2090
2415.8957	56.2510
2416.9107	56.2040
2417.9247	56.4320
2418.9386	56.4570
2419.9536	56.3850
2420.9676	56.4730
2421.9826	56.6030
2422.9966	56.5030
2424.0106	56.6070
2425.0255	56.6760
2426.0395	56.7550
2427.0545	56.7280
2428.0685	56.7620
2429.0835	56.9760
2430.0975	56.9520
2431.1115	56.8000
2432.1264	56.8470
2433.1404	57.0230
2434.1554	57.2230
2435.1694	57.0930
2436.1834	57.0780
2437.1984	57.2000
2438.2123	57.2920
2439.2273	57.2470
2440.2413	57.1610
2441.2563	57.3120
2442.2703	57.4120
2443.2843	57.3840
2444.2993	57.3800
2445.3132	57.4560
2446.3282	57.5930
2447.3422	57.5520
2448.3572	57.4610
2449.3712	57.5940
2450.3852	57.5920
2451.4001	57.6070
2452.4141	57.6780
2453.4291	57.7310
2454.4431	57.8920
2455.4571	57.7650
2456.4721	57.8640
2457.4861	57.8840
2458.5010	57.9050
2459.5150	57.9720
2460.5300	58.0060
2461.5440	58.1110
2462.5580	58.1080
2463.5730	58.0920
2464.5869	58.2670
2465.6019	58.3660
2466.6159	58.4560
2467.6299	58.3250
2468.6449	58.3700
2469.6589	58.3660
2470.6739	58.3480
2471.6878	58.4340
2472.7028	58.4090
2473.7168	58.4220
2474.7308	58.4930
2475.7458	58.5450
2476.7598	58.5950
2477.7747	58.5940
2478.7887	58.7730
2479.8037	58.9050
2480.8177	58.8200
2481.8317	58.9540
2482.8467	58.9660
2483.8607	58.8790
2484.8756	58.8770
2485.8896	58.9600
2486.9036	59.0170
2487.9186	59.0920
2488.9326	59.1490
2489.9476	59.1210
2490.9615	59.2330
2491.9765	59.2590
2492.9905	59.1680
2494.0045	59.2090
2495.0195	59.4580
2496.0335	59.5270
2497.0485	59.4400
2498.0624	59.4400
2499.0764	59.5900
2500.0914	59.4460
2501.1054	59.5700
2502.1204	59.7230
2503.1344	59.6850
2504.1493	59.7210
2505.1633	59.7220
2506.1773	59.6900
2507.1923	59.7200
2508.2063	59.8570
2509.2213	60.0980
2510.2353	59.9960
2511.2502	59.8980
2512.2642	59.9180
2513.2782	59.9810
2514.2932	59.9890
2515.3072	60.1760
2516.3222	60.2560
2517.3361	60.1560
2518.3501	60.1400
2519.3651	60.2900
2520.3791	60.2520
2521.3941	60.4110
2522.4081	60.5330
2523.4231	60.5460
2524.4370	60.5140
2525.4510	60.4890
2526.4660	60.6330
2527.4800	60.6120
2528.4950	60.7130
2529.5090	60.7950
2530.5239	60.7990
2531.5379	60.7850
2532.5519	60.7610
2533.5669	60.9290
2534.5809	60.9190
2535.5959	60.8570
2536.6099	60.9100
2537.6238	61.0850
2538.6388	61.1430
2539.6528	61.1140
2540.6678	61.2110
2541.6818	61.2290
2542.6968	61.3100
2543.7107	61.2510
2544.7247	61.2830
2545.7397	61.2930
2546.7537	61.3410
2547.7687	61.4490
2548.7827	61.4640
2549.7967	61.5140
2550.8116	61.5910
2551.8256	61.6160
2552.8406	61.6350
2553.8546	61.6090
2554.8696	61.7700
2555.8836	61.7570
2556.8975	61.7730
2557.9125	61.6960
2558.9265	61.8770
2559.9415	61.7110
2560.9555	61.8120
2561.9705	61.9710
2562.9845	62.0360
2563.9984	61.9760
2565.0134	62.0620
2566.0274	62.1130
2567.0424	62.1960
2568.0564	62.1120
2569.0704	62.1680
2570.0853	62.1590
2571.0993	62.1260
2572.1143	62.1870
2573.1283	62.2500
2574.1433	62.3230
2575.1573	62.2300
2576.1712	62.3260
2577.1862	62.4670
2578.2002	62.3870
2579.2152	62.4990
2580.2292	62.3530
2581.2432	62.5320
2582.2582	62.4590
2583.2721	62.4270
2584.2871	62.4770
2585.3011	62.5960
2586.3161	62.6350
2587.3301	62.7260
2588.3441	62.7490
2589.3590	62.9000
2590.3730	62.8620
2591.3880	62.9150
2592.4020	63.0490
2593.4170	63.0540
2594.4310	63.1420
2595.4450	63.2490
2596.4599	63.2430
2597.4739	63.2260
2598.4889	63.3240
2599.5029	63.3810
2600.5169	63.4360
2601.5319	63.4990
2602.5458	63.5330
2603.5608	63.5820
2604.5748	63.5890
2605.5898	63.4600
2606.6038	63.5990
2607.6178	63.6760
2608.6328	63.7340
2609.6467	63.7950
2610.6617	63.6860
2611.6757	63.7040
2612.6897	63.8650
2613.7047	63.8540
2614.7187	63.8520
2615.7336	63.7980
2616.7476	63.9750
2617.7626	63.9780
2618.7766	63.9840
2619.7906	63.8690
2620.8056	64.0910
2621.8196	64.1200
2622.8345	64.1220
2623.8485	63.9210
2624.8635	64.0240
2625.8775	64.1950
2626.8915	64.2380
2627.9065	64.2850
2628.9204	64.2930
2629.9354	64.3250
2630.9494	64.4420
2631.9634	64.4900
2632.9784	64.4300
2633.9924	64.5040
2635.0074	64.5540
2636.0213	64.4990
2637.0363	64.4850
2638.0503	64.5250
2639.0643	64.5940
2640.0793	64.5950
2641.0933	64.7170
2642.1082	64.8230
2643.1222	64.7480
2644.1362	64.8330
2645.1512	64.8980
2646.1652	64.9190
2647.1802	64.9150
2648.1942	64.8680
2649.2091	65.1210
2650.2231	65.1060
2651.2371	65.0990
2652.2521	65.2570
2653.2661	65.1810
2654.2811	65.1570
2655.2950	65.1230
2656.3100	65.2070
2657.3240	65.3270
2658.3380	65.2470
2659.3530	65.2860
2660.3670	65.2700
2661.3820	65.4670
2662.3959	65.5300
2663.4099	65.4680
2664.4249	65.4290
2665.4389	65.6510
2666.4539	65.7450
2667.4679	65.5950
2668.4828	65.6610
2669.4968	65.7650
2670.5108	65.7960
2671.5258	65.7690
2672.5398	65.6480
2673.5548	65.8640
2674.5688	65.9040
2675.5827	65.8300
2676.5977	65.9420
2677.6117	66.0410
2678.6267	66.1460
2679.6407	66.1320
2680.6557	66.0260
2681.6696	65.9800
2682.6836	66.2020
2683.6986	66.1130
2684.7126	66.1470
2685.7276	66.2280
2686.7416	66.2380
2687.7566	66.3950
2688.7705	66.2040
2689.7845	66.3310
2690.7995	66.4630
2691.8135	66.4880
2692.8285	66.4130
2693.8425	66.3610
2694.8564	66.5720
2695.8714	66.6030
2696.8854	66.4890
2697.9004	66.5240
2698.9144	66.6960
2699.9294	66.6740
2700.9434	66.7550
2701.9573	66.7060
2702.9723	66.6960
2703.9863	66.7930
2705.0013	66.8780
2706.0153	66.7240
2707.0293	66.8490
2708.0442	66.9270
2709.0582	66.9970
2710.0732	67.0560
2711.0872	67.1240
2712.1022	67.2210
2713.1162	67.1530
2714.1302	67.1320
2715.1451	67.1640
2716.1591	67.2720
2717.1741	67.2290
2718.1881	67.2570
2719.2031	67.3150
2720.2171	67.3710
2721.2310	67.4290
2722.2460	67.5760
2723.2600	67.5790
2724.2750	67.5610
2725.2890	67.6020
2726.3030	67.5140
2727.3180	67.5140
2728.3319	67.6700
2729.3469	67.7380
2730.3609	67.8000
2731.3759	67.6000
2732.3899	67.6850
2733.4039	67.7250
2734.4188	67.9130
2735.4328	67.9400
2736.4478	67.9780
2737.4618	67.9270
2738.4768	68.0370
2739.4908	68.1170
2740.5048	68.0170
2741.5197	68.0700
2742.5337	68.0880
2743.5487	68.1400
2744.5627	68.2720
2745.5767	68.1320
2746.5917	68.1980
2747.6056	68.2980
2748.6206	68.3470
2749.6346	68.4220
2750.6496	68.4800
2751.6636	68.4780
2752.6776	68.4530
2753.6926	68.4390
2754.7065	68.5260
2755.7215	68.5140
2756.7355	68.5060
2757.7495	68.5100
2758.7645	68.6110
2759.7785	68.7900
2760.7934	68.8120
2761.8074	68.7740
2762.8224	68.8030
2763.8364	68.8090
2764.8504	68.9300
2765.8654	68.8600
2766.8794	68.8590
2767.8943	68.9940
2768.9083	68.9770
2769.9233	68.9000
2770.9373	69.0300
2771.9513	69.0020
2772.9663	69.0460
2773.9802	69.0990
2774.9952	69.1270
2776.0092	69.1950
2777.0232	69.2120
2778.0382	69.1460
2779.0522	69.2460
2780.0671	69.3210
2781.0811	69.4400
2782.0961	69.3330
2783.1101	69.3890
2784.1241	69.4330
2785.1391	69.6010
2786.1531	69.4950
2787.1680	69.5710
2788.1820	69.6390
2789.1960	69.6670
2790.2110	69.6440
2791.2250	69.7620
2792.2400	69.7700
2793.2540	69.8190
2794.2689	69.8750
2795.2829	69.8840
2796.2969	69.8700
2797.3119	69.9310
2798.3259	69.9600
2799.3409	69.9060
2800.3548	69.9640
2801.3698	70.0260
2802.3838	69.9950
2803.3978	70.0050
2804.4128	70.0460
2805.4268	70.0190
2806.4417	70.0160
2807.4557	70.1160
2808.4697	70.2080
2809.4847	70.1560
2810.4987	70.0730
2811.5137	70.1550
2812.5277	70.1740
2813.5426	70.2430
2814.5566	70.3130
2815.5706	70.2610
2816.5856	70.4140
2817.5996	70.5930
2818.6146	70.4240
2819.6285	70.5650
2820.6425	70.4540
2821.6575	65.6410
2822.6715	65.4090
2823.6865	69.9240